Degrees of each node:
0: 16
1: 9
2: 10
3: 6
4: 3
5: 4
6: 4
7: 4
8: 5
9: 2
10: 3
11: 1
12: 2
13: 5
14: 2
15: 2
16: 2
17: 2
18: 2
19: 3
20: 2
21: 2
22: 2
23: 5
24: 3
25: 3
26: 2
27: 4
28: 3
29: 4
30: 4
31: 6
32: 12
33: 17

Clustering coeff of each node:
0: 0.15000001
1: 0.33333334
2: 0.24444444
3: 0.66666669
4: 0.66666669
5: 0.50000000
6: 0.50000000
7: 1.00000000
8: 0.50000000
9: 0.00000000
10: 0.66666669
11: 0.00000000
12: 1.00000000
13: 0.60000002
14: 1.00000000
15: 1.00000000
16: 1.00000000
17: 1.00000000
18: 1.00000000
19: 0.33333334
20: 1.00000000
21: 1.00000000
22: 1.00000000
23: 0.40000001
24: 0.33333334
25: 0.33333334
26: 1.00000000
27: 0.16666667
28: 0.33333334
29: 0.66666669
30: 0.50000000
31: 0.20000000
32: 0.19696970
33: 0.11029412

Jaccard's coeff matrix:
[1.0000, 0.3889, 0.2381, 0.2941, 0.1176, 0.1111, 0.1111, 0.1765, 0.0500, 0.0588, 0.1176, 0.0000, 0.0588, 0.1667, 0.0000, 0.0000, 0.1250, 0.0588, 0.0000, 0.0556, 0.0000, 0.0588, 0.0000, 0.0000, 0.0556, 0.0556, 0.0000, 0.0526, 0.1176, 0.0000, 0.1111, 0.0000, 0.1200, 0.1379]
[0.3889, 1.0000, 0.2667, 0.3636, 0.0909, 0.0833, 0.0833, 0.3000, 0.2727, 0.1000, 0.0909, 0.1111, 0.2222, 0.2727, 0.0000, 0.0000, 0.0000, 0.1000, 0.0000, 0.0909, 0.0000, 0.1000, 0.0000, 0.0000, 0.0000, 0.0000, 0.0000, 0.0833, 0.0909, 0.0000, 0.0000, 0.0714, 0.1053, 0.1304]
[0.2381, 0.2667, 1.0000, 0.3333, 0.0833, 0.0769, 0.0769, 0.2727, 0.1538, 0.0000, 0.0833, 0.1000, 0.2000, 0.2500, 0.0909, 0.0909, 0.0000, 0.2000, 0.0909, 0.1818, 0.0909, 0.2000, 0.0909, 0.1538, 0.0833, 0.0000, 0.0000, 0.0000, 0.0000, 0.0769, 0.2727, 0.2308, 0.0476, 0.2857]
[0.2941, 0.3636, 0.3333, 1.0000, 0.1250, 0.1111, 0.1111, 0.4286, 0.2222, 0.1429, 0.1250, 0.1667, 0.1429, 0.3750, 0.0000, 0.0000, 0.0000, 0.3333, 0.0000, 0.2857, 0.0000, 0.3333, 0.0000, 0.0000, 0.0000, 0.0000, 0.0000, 0.1111, 0.1250, 0.0000, 0.1111, 0.0909, 0.0588, 0.0455]
[0.1176, 0.0909, 0.0833, 0.1250, 1.0000, 0.7500, 0.1667, 0.1667, 0.1429, 0.0000, 0.2000, 0.3333, 0.2500, 0.1429, 0.0000, 0.0000, 0.2500, 0.2500, 0.0000, 0.2000, 0.0000, 0.2500, 0.0000, 0.0000, 0.0000, 0.0000, 0.0000, 0.0000, 0.0000, 0.0000, 0.0000, 0.1250, 0.0000, 0.0000]
[0.1111, 0.0833, 0.0769, 0.1111, 0.7500, 1.0000, 0.3333, 0.1429, 0.1250, 0.0000, 0.1667, 0.2500, 0.2000, 0.1250, 0.0000, 0.0000, 0.2000, 0.2000, 0.0000, 0.1667, 0.0000, 0.2000, 0.0000, 0.0000, 0.0000, 0.0000, 0.0000, 0.0000, 0.0000, 0.0000, 0.0000, 0.1111, 0.0000, 0.0000]
[0.1111, 0.0833, 0.0769, 0.1111, 0.1667, 0.3333, 1.0000, 0.1429, 0.1250, 0.0000, 0.7500, 0.2500, 0.2000, 0.1250, 0.0000, 0.0000, 0.2000, 0.2000, 0.0000, 0.1667, 0.0000, 0.2000, 0.0000, 0.0000, 0.0000, 0.0000, 0.0000, 0.0000, 0.0000, 0.0000, 0.0000, 0.1111, 0.0000, 0.0000]
[0.1765, 0.3000, 0.2727, 0.4286, 0.1667, 0.1429, 0.1429, 1.0000, 0.2857, 0.2000, 0.1667, 0.2500, 0.5000, 0.8000, 0.0000, 0.0000, 0.0000, 0.5000, 0.0000, 0.4000, 0.0000, 0.5000, 0.0000, 0.0000, 0.0000, 0.0000, 0.0000, 0.1429, 0.1667, 0.0000, 0.1429, 0.1111, 0.0667, 0.0000]
[0.0500, 0.2727, 0.1538, 0.2222, 0.1429, 0.1250, 0.1250, 0.2857, 1.0000, 0.4000, 0.1429, 0.2000, 0.1667, 0.4286, 0.4000, 0.4000, 0.0000, 0.1667, 0.4000, 0.3333, 0.4000, 0.1667, 0.4000, 0.2500, 0.0000, 0.0000, 0.1667, 0.2857, 0.3333, 0.2857, 0.2857, 0.3750, 0.2143, 0.1000]
[0.0588, 0.1000, 0.0000, 0.1429, 0.0000, 0.0000, 0.0000, 0.2000, 0.4000, 1.0000, 0.0000, 0.0000, 0.0000, 0.4000, 0.3333, 0.3333, 0.0000, 0.0000, 0.3333, 0.2500, 0.3333, 0.0000, 0.3333, 0.1667, 0.0000, 0.0000, 0.3333, 0.5000, 0.6667, 0.2000, 0.2000, 0.1429, 0.1667, 0.0000]
[0.1176, 0.0909, 0.0833, 0.1250, 0.2000, 0.1667, 0.7500, 0.1667, 0.1429, 0.0000, 1.0000, 0.3333, 0.2500, 0.1429, 0.0000, 0.0000, 0.2500, 0.2500, 0.0000, 0.2000, 0.0000, 0.2500, 0.0000, 0.0000, 0.0000, 0.0000, 0.0000, 0.0000, 0.0000, 0.0000, 0.0000, 0.1250, 0.0000, 0.0000]
[0.0000, 0.1111, 0.1000, 0.1667, 0.3333, 0.2500, 0.2500, 0.2500, 0.2000, 0.0000, 0.3333, 1.0000, 0.5000, 0.2000, 0.0000, 0.0000, 0.0000, 0.5000, 0.0000, 0.3333, 0.0000, 0.5000, 0.0000, 0.0000, 0.0000, 0.0000, 0.0000, 0.0000, 0.0000, 0.0000, 0.0000, 0.1667, 0.0000, 0.0000]
[0.0588, 0.2222, 0.2000, 0.1429, 0.2500, 0.2000, 0.2000, 0.5000, 0.1667, 0.0000, 0.2500, 0.5000, 1.0000, 0.4000, 0.0000, 0.0000, 0.0000, 0.3333, 0.0000, 0.2500, 0.0000, 0.3333, 0.0000, 0.0000, 0.0000, 0.0000, 0.0000, 0.0000, 0.0000, 0.0000, 0.0000, 0.1429, 0.0000, 0.0000]
[0.1667, 0.2727, 0.2500, 0.3750, 0.1429, 0.1250, 0.1250, 0.8000, 0.4286, 0.4000, 0.1429, 0.2000, 0.4000, 1.0000, 0.1667, 0.1667, 0.0000, 0.4000, 0.1667, 0.6000, 0.1667, 0.4000, 0.1667, 0.1111, 0.0000, 0.0000, 0.1667, 0.2857, 0.3333, 0.1250, 0.2857, 0.2222, 0.1333, 0.0000]
[0.0000, 0.0000, 0.0909, 0.0000, 0.0000, 0.0000, 0.0000, 0.0000, 0.4000, 0.3333, 0.0000, 0.0000, 0.0000, 0.1667, 1.0000, 1.0000, 0.0000, 0.0000, 1.0000, 0.2500, 1.0000, 0.0000, 1.0000, 0.4000, 0.0000, 0.0000, 0.3333, 0.2000, 0.2500, 0.5000, 0.5000, 0.3333, 0.0769, 0.0556]
[0.0000, 0.0000, 0.0909, 0.0000, 0.0000, 0.0000, 0.0000, 0.0000, 0.4000, 0.3333, 0.0000, 0.0000, 0.0000, 0.1667, 1.0000, 1.0000, 0.0000, 0.0000, 1.0000, 0.2500, 1.0000, 0.0000, 1.0000, 0.4000, 0.0000, 0.0000, 0.3333, 0.2000, 0.2500, 0.5000, 0.5000, 0.3333, 0.0769, 0.0556]
[0.1250, 0.0000, 0.0000, 0.0000, 0.2500, 0.2000, 0.2000, 0.0000, 0.0000, 0.0000, 0.2500, 0.0000, 0.0000, 0.0000, 0.0000, 0.0000, 1.0000, 0.0000, 0.0000, 0.0000, 0.0000, 0.0000, 0.0000, 0.0000, 0.0000, 0.0000, 0.0000, 0.0000, 0.0000, 0.0000, 0.0000, 0.0000, 0.0000, 0.0000]
[0.0588, 0.1000, 0.2000, 0.3333, 0.2500, 0.2000, 0.2000, 0.5000, 0.1667, 0.0000, 0.2500, 0.5000, 0.3333, 0.4000, 0.0000, 0.0000, 0.0000, 1.0000, 0.0000, 0.6667, 0.0000, 1.0000, 0.0000, 0.0000, 0.0000, 0.0000, 0.0000, 0.0000, 0.0000, 0.0000, 0.2000, 0.1429, 0.0000, 0.0000]
[0.0000, 0.0000, 0.0909, 0.0000, 0.0000, 0.0000, 0.0000, 0.0000, 0.4000, 0.3333, 0.0000, 0.0000, 0.0000, 0.1667, 1.0000, 1.0000, 0.0000, 0.0000, 1.0000, 0.2500, 1.0000, 0.0000, 1.0000, 0.4000, 0.0000, 0.0000, 0.3333, 0.2000, 0.2500, 0.5000, 0.5000, 0.3333, 0.0769, 0.0556]
[0.0556, 0.0909, 0.1818, 0.2857, 0.2000, 0.1667, 0.1667, 0.4000, 0.3333, 0.2500, 0.2000, 0.3333, 0.2500, 0.6000, 0.2500, 0.2500, 0.0000, 0.6667, 0.2500, 1.0000, 0.2500, 0.6667, 0.2500, 0.1429, 0.0000, 0.0000, 0.2500, 0.1667, 0.2000, 0.1667, 0.4000, 0.2857, 0.0714, 0.0000]
[0.0000, 0.0000, 0.0909, 0.0000, 0.0000, 0.0000, 0.0000, 0.0000, 0.4000, 0.3333, 0.0000, 0.0000, 0.0000, 0.1667, 1.0000, 1.0000, 0.0000, 0.0000, 1.0000, 0.2500, 1.0000, 0.0000, 1.0000, 0.4000, 0.0000, 0.0000, 0.3333, 0.2000, 0.2500, 0.5000, 0.5000, 0.3333, 0.0769, 0.0556]
[0.0588, 0.1000, 0.2000, 0.3333, 0.2500, 0.2000, 0.2000, 0.5000, 0.1667, 0.0000, 0.2500, 0.5000, 0.3333, 0.4000, 0.0000, 0.0000, 0.0000, 1.0000, 0.0000, 0.6667, 0.0000, 1.0000, 0.0000, 0.0000, 0.0000, 0.0000, 0.0000, 0.0000, 0.0000, 0.0000, 0.2000, 0.1429, 0.0000, 0.0000]
[0.0000, 0.0000, 0.0909, 0.0000, 0.0000, 0.0000, 0.0000, 0.0000, 0.4000, 0.3333, 0.0000, 0.0000, 0.0000, 0.1667, 1.0000, 1.0000, 0.0000, 0.0000, 1.0000, 0.2500, 1.0000, 0.0000, 1.0000, 0.4000, 0.0000, 0.0000, 0.3333, 0.2000, 0.2500, 0.5000, 0.5000, 0.3333, 0.0769, 0.0556]
[0.0000, 0.0000, 0.1538, 0.0000, 0.0000, 0.0000, 0.0000, 0.0000, 0.2500, 0.1667, 0.0000, 0.0000, 0.0000, 0.1111, 0.4000, 0.4000, 0.0000, 0.0000, 0.4000, 0.1429, 0.4000, 0.0000, 0.4000, 1.0000, 0.3333, 0.0000, 0.4000, 0.1250, 0.1429, 0.2857, 0.2857, 0.3750, 0.1333, 0.1579]
[0.0556, 0.0000, 0.0833, 0.0000, 0.0000, 0.0000, 0.0000, 0.0000, 0.0000, 0.0000, 0.0000, 0.0000, 0.0000, 0.0000, 0.0000, 0.0000, 0.0000, 0.0000, 0.0000, 0.0000, 0.0000, 0.0000, 0.0000, 0.3333, 1.0000, 0.2000, 0.0000, 0.0000, 0.2000, 0.0000, 0.0000, 0.1250, 0.0714, 0.1111]
[0.0556, 0.0000, 0.0000, 0.0000, 0.0000, 0.0000, 0.0000, 0.0000, 0.0000, 0.0000, 0.0000, 0.0000, 0.0000, 0.0000, 0.0000, 0.0000, 0.0000, 0.0000, 0.0000, 0.0000, 0.0000, 0.0000, 0.0000, 0.0000, 0.2000, 1.0000, 0.0000, 0.4000, 0.2000, 0.1667, 0.0000, 0.1250, 0.1538, 0.1111]
[0.0000, 0.0000, 0.0000, 0.0000, 0.0000, 0.0000, 0.0000, 0.0000, 0.1667, 0.3333, 0.0000, 0.0000, 0.0000, 0.1667, 0.3333, 0.3333, 0.0000, 0.0000, 0.3333, 0.2500, 0.3333, 0.0000, 0.3333, 0.4000, 0.0000, 0.0000, 1.0000, 0.2000, 0.2500, 0.2000, 0.2000, 0.1429, 0.1667, 0.0556]
[0.0526, 0.0833, 0.0000, 0.1111, 0.0000, 0.0000, 0.0000, 0.1429, 0.2857, 0.5000, 0.0000, 0.0000, 0.0000, 0.2857, 0.2000, 0.2000, 0.0000, 0.0000, 0.2000, 0.1667, 0.2000, 0.0000, 0.2000, 0.1250, 0.0000, 0.4000, 0.2000, 1.0000, 0.4000, 0.3333, 0.1429, 0.2500, 0.2308, 0.0500]
[0.1176, 0.0909, 0.0000, 0.1250, 0.0000, 0.0000, 0.0000, 0.1667, 0.3333, 0.6667, 0.0000, 0.0000, 0.0000, 0.3333, 0.2500, 0.2500, 0.0000, 0.0000, 0.2500, 0.2000, 0.2500, 0.0000, 0.2500, 0.1429, 0.2000, 0.2000, 0.2500, 0.4000, 1.0000, 0.1667, 0.1667, 0.1250, 0.2500, 0.0526]
[0.0000, 0.0000, 0.0769, 0.0000, 0.0000, 0.0000, 0.0000, 0.0000, 0.2857, 0.2000, 0.0000, 0.0000, 0.0000, 0.1250, 0.5000, 0.5000, 0.0000, 0.0000, 0.5000, 0.1667, 0.5000, 0.0000, 0.5000, 0.2857, 0.0000, 0.1667, 0.2000, 0.3333, 0.1667, 1.0000, 0.3333, 0.2500, 0.1429, 0.1667]
[0.1111, 0.0000, 0.2727, 0.1111, 0.0000, 0.0000, 0.0000, 0.1429, 0.2857, 0.2000, 0.0000, 0.0000, 0.0000, 0.2857, 0.5000, 0.5000, 0.0000, 0.2000, 0.5000, 0.4000, 0.5000, 0.2000, 0.5000, 0.2857, 0.0000, 0.0000, 0.2000, 0.1429, 0.1667, 0.3333, 1.0000, 0.2500, 0.1429, 0.1053]
[0.0000, 0.0714, 0.2308, 0.0909, 0.1250, 0.1111, 0.1111, 0.1111, 0.3750, 0.1429, 0.1250, 0.1667, 0.1429, 0.2222, 0.3333, 0.3333, 0.0000, 0.1429, 0.3333, 0.2857, 0.3333, 0.1429, 0.3333, 0.3750, 0.1250, 0.1250, 0.1429, 0.2500, 0.1250, 0.2500, 0.2500, 1.0000, 0.0588, 0.0952]
[0.1200, 0.1053, 0.0476, 0.0588, 0.0000, 0.0000, 0.0000, 0.0667, 0.2143, 0.1667, 0.0000, 0.0000, 0.0000, 0.1333, 0.0769, 0.0769, 0.0000, 0.0000, 0.0769, 0.0714, 0.0769, 0.0000, 0.0769, 0.1333, 0.0714, 0.1538, 0.1667, 0.2308, 0.2500, 0.1429, 0.1429, 0.0588, 1.0000, 0.5263]
[0.1379, 0.1304, 0.2857, 0.0455, 0.0000, 0.0000, 0.0000, 0.0000, 0.1000, 0.0000, 0.0000, 0.0000, 0.0000, 0.0000, 0.0556, 0.0556, 0.0000, 0.0000, 0.0556, 0.0000, 0.0556, 0.0000, 0.0556, 0.1579, 0.1111, 0.1111, 0.0556, 0.0500, 0.0526, 0.1667, 0.1053, 0.0952, 0.5263, 1.0000]

Katz index matrix:
[0.2996, 0.2795, 0.2674, 0.2431, 0.1629, 0.1662, 0.1662, 0.2090, 0.1855, 0.0390, 0.1629, 0.1300, 0.1543, 0.2212, 0.0220, 0.0220, 0.0332, 0.1579, 0.0220, 0.1702, 0.0220, 0.1579, 0.0220, 0.0313, 0.0228, 0.0216, 0.0149, 0.0444, 0.0552, 0.0266, 0.0685, 0.1619, 0.0974, 0.1226]
[0.2795, 0.1696, 0.2309, 0.2117, 0.0350, 0.0357, 0.0357, 0.1892, 0.0819, 0.0325, 0.0350, 0.0279, 0.0491, 0.1986, 0.0167, 0.0167, 0.0071, 0.1449, 0.0167, 0.1543, 0.0167, 0.1449, 0.0167, 0.0231, 0.0094, 0.0083, 0.0114, 0.0358, 0.0375, 0.0201, 0.1418, 0.0502, 0.0726, 0.0943]
[0.2674, 0.2309, 0.1910, 0.2133, 0.0335, 0.0342, 0.0342, 0.1903, 0.1883, 0.1343, 0.0335, 0.0267, 0.0481, 0.2055, 0.0348, 0.0348, 0.0068, 0.0498, 0.0348, 0.0650, 0.0348, 0.0498, 0.0348, 0.0548, 0.0238, 0.0158, 0.0194, 0.1422, 0.1423, 0.0422, 0.0767, 0.0797, 0.1959, 0.1520]
[0.2431, 0.2117, 0.2133, 0.1167, 0.0305, 0.0311, 0.0311, 0.1785, 0.0605, 0.0274, 0.0305, 0.0243, 0.1360, 0.1845, 0.0110, 0.0110, 0.0062, 0.0455, 0.0110, 0.0515, 0.0110, 0.0455, 0.0110, 0.0160, 0.0076, 0.0063, 0.0074, 0.0297, 0.0314, 0.0133, 0.0382, 0.0398, 0.0497, 0.0604]
[0.1629, 0.0350, 0.0335, 0.0305, 0.0414, 0.0431, 0.1264, 0.0262, 0.0233, 0.0049, 0.1247, 0.0163, 0.0193, 0.0277, 0.0028, 0.0028, 0.0170, 0.0198, 0.0028, 0.0213, 0.0028, 0.0198, 0.0028, 0.0039, 0.0029, 0.0027, 0.0019, 0.0056, 0.0069, 0.0033, 0.0086, 0.0203, 0.0122, 0.0154]
[0.1662, 0.0357, 0.0342, 0.0311, 0.0431, 0.0550, 0.1384, 0.0267, 0.0237, 0.0050, 0.1264, 0.0166, 0.0197, 0.0283, 0.0028, 0.0028, 0.1193, 0.0202, 0.0028, 0.0218, 0.0028, 0.0202, 0.0028, 0.0040, 0.0029, 0.0028, 0.0019, 0.0057, 0.0071, 0.0034, 0.0088, 0.0207, 0.0125, 0.0157]
[0.1662, 0.0357, 0.0342, 0.0311, 0.1264, 0.1384, 0.0550, 0.0267, 0.0237, 0.0050, 0.0431, 0.0166, 0.0197, 0.0283, 0.0028, 0.0028, 0.1193, 0.0202, 0.0028, 0.0218, 0.0028, 0.0202, 0.0028, 0.0040, 0.0029, 0.0028, 0.0019, 0.0057, 0.0071, 0.0034, 0.0088, 0.0207, 0.0125, 0.0157]
[0.2090, 0.1892, 0.1903, 0.1785, 0.0262, 0.0267, 0.0267, 0.0767, 0.0516, 0.0233, 0.0262, 0.0209, 0.0387, 0.0810, 0.0084, 0.0084, 0.0053, 0.0398, 0.0084, 0.0441, 0.0084, 0.0398, 0.0084, 0.0125, 0.0064, 0.0052, 0.0053, 0.0252, 0.0266, 0.0102, 0.0325, 0.0332, 0.0416, 0.0429]
[0.1855, 0.0819, 0.1883, 0.0605, 0.0233, 0.0237, 0.0237, 0.0516, 0.0947, 0.0400, 0.0233, 0.0186, 0.0246, 0.0727, 0.0414, 0.0414, 0.0047, 0.0267, 0.0414, 0.0479, 0.0414, 0.0267, 0.0414, 0.0523, 0.0127, 0.0132, 0.0260, 0.0465, 0.0467, 0.0493, 0.1591, 0.0672, 0.2029, 0.2112]
[0.0390, 0.0325, 0.1343, 0.0274, 0.0049, 0.0050, 0.0050, 0.0233, 0.0400, 0.0281, 0.0049, 0.0039, 0.0066, 0.0380, 0.0199, 0.0199, 0.0010, 0.0072, 0.0199, 0.0218, 0.0199, 0.0072, 0.0199, 0.0261, 0.0066, 0.0061, 0.0171, 0.0313, 0.0309, 0.0242, 0.0272, 0.0282, 0.0526, 0.1465]
[0.1629, 0.0350, 0.0335, 0.0305, 0.1247, 0.1264, 0.0431, 0.0262, 0.0233, 0.0049, 0.0414, 0.0163, 0.0193, 0.0277, 0.0028, 0.0028, 0.0170, 0.0198, 0.0028, 0.0213, 0.0028, 0.0198, 0.0028, 0.0039, 0.0029, 0.0027, 0.0019, 0.0056, 0.0069, 0.0033, 0.0086, 0.0203, 0.0122, 0.0154]
[0.1300, 0.0279, 0.0267, 0.0243, 0.0163, 0.0166, 0.0166, 0.0209, 0.0186, 0.0039, 0.0163, 0.0130, 0.0154, 0.0221, 0.0022, 0.0022, 0.0033, 0.0158, 0.0022, 0.0170, 0.0022, 0.0158, 0.0022, 0.0031, 0.0023, 0.0022, 0.0015, 0.0044, 0.0055, 0.0027, 0.0069, 0.0162, 0.0097, 0.0123]
[0.1543, 0.0491, 0.0481, 0.1360, 0.0193, 0.0197, 0.0197, 0.0387, 0.0246, 0.0066, 0.0193, 0.0154, 0.0290, 0.0406, 0.0033, 0.0033, 0.0039, 0.0203, 0.0033, 0.0222, 0.0033, 0.0203, 0.0033, 0.0047, 0.0030, 0.0028, 0.0022, 0.0074, 0.0087, 0.0040, 0.0107, 0.0202, 0.0147, 0.0183]
[0.2212, 0.1986, 0.2055, 0.1845, 0.0277, 0.0283, 0.0283, 0.0810, 0.0727, 0.0380, 0.0277, 0.0221, 0.0406, 0.0984, 0.0249, 0.0249, 0.0057, 0.0420, 0.0249, 0.0594, 0.0249, 0.0420, 0.0249, 0.0331, 0.0105, 0.0097, 0.0204, 0.0423, 0.0433, 0.0302, 0.0520, 0.0534, 0.0746, 0.1742]
[0.0220, 0.0167, 0.0348, 0.0110, 0.0028, 0.0028, 0.0028, 0.0084, 0.0414, 0.0199, 0.0028, 0.0022, 0.0033, 0.0249, 0.0320, 0.0320, 0.0006, 0.0039, 0.0320, 0.0203, 0.0320, 0.0039, 0.0320, 0.0390, 0.0071, 0.0084, 0.0202, 0.0245, 0.0237, 0.0379, 0.0378, 0.0381, 0.1553, 0.1643]
[0.0220, 0.0167, 0.0348, 0.0110, 0.0028, 0.0028, 0.0028, 0.0084, 0.0414, 0.0199, 0.0028, 0.0022, 0.0033, 0.0249, 0.0320, 0.0320, 0.0006, 0.0039, 0.0320, 0.0203, 0.0320, 0.0039, 0.0320, 0.0390, 0.0071, 0.0084, 0.0202, 0.0245, 0.0237, 0.0379, 0.0378, 0.0381, 0.1553, 0.1643]
[0.0332, 0.0071, 0.0068, 0.0062, 0.0170, 0.1193, 0.1193, 0.0053, 0.0047, 0.0010, 0.0170, 0.0033, 0.0039, 0.0057, 0.0006, 0.0006, 0.0239, 0.0040, 0.0006, 0.0044, 0.0006, 0.0040, 0.0006, 0.0008, 0.0006, 0.0006, 0.0004, 0.0011, 0.0014, 0.0007, 0.0018, 0.0041, 0.0025, 0.0031]
[0.1579, 0.1449, 0.0498, 0.0455, 0.0198, 0.0202, 0.0202, 0.0398, 0.0267, 0.0072, 0.0198, 0.0158, 0.0203, 0.0420, 0.0039, 0.0039, 0.0040, 0.0303, 0.0039, 0.0325, 0.0039, 0.0303, 0.0039, 0.0054, 0.0032, 0.0030, 0.0026, 0.0080, 0.0093, 0.0047, 0.0210, 0.0212, 0.0170, 0.0217]
[0.0220, 0.0167, 0.0348, 0.0110, 0.0028, 0.0028, 0.0028, 0.0084, 0.0414, 0.0199, 0.0028, 0.0022, 0.0033, 0.0249, 0.0320, 0.0320, 0.0006, 0.0039, 0.0320, 0.0203, 0.0320, 0.0039, 0.0320, 0.0390, 0.0071, 0.0084, 0.0202, 0.0245, 0.0237, 0.0379, 0.0378, 0.0381, 0.1553, 0.1643]
[0.1702, 0.1543, 0.0650, 0.0515, 0.0213, 0.0218, 0.0218, 0.0441, 0.0479, 0.0218, 0.0213, 0.0170, 0.0222, 0.0594, 0.0203, 0.0203, 0.0044, 0.0325, 0.0203, 0.0477, 0.0203, 0.0325, 0.0203, 0.0260, 0.0074, 0.0075, 0.0178, 0.0251, 0.0259, 0.0247, 0.0405, 0.0414, 0.0500, 0.1530]
[0.0220, 0.0167, 0.0348, 0.0110, 0.0028, 0.0028, 0.0028, 0.0084, 0.0414, 0.0199, 0.0028, 0.0022, 0.0033, 0.0249, 0.0320, 0.0320, 0.0006, 0.0039, 0.0320, 0.0203, 0.0320, 0.0039, 0.0320, 0.0390, 0.0071, 0.0084, 0.0202, 0.0245, 0.0237, 0.0379, 0.0378, 0.0381, 0.1553, 0.1643]
[0.1579, 0.1449, 0.0498, 0.0455, 0.0198, 0.0202, 0.0202, 0.0398, 0.0267, 0.0072, 0.0198, 0.0158, 0.0203, 0.0420, 0.0039, 0.0039, 0.0040, 0.0303, 0.0039, 0.0325, 0.0039, 0.0303, 0.0039, 0.0054, 0.0032, 0.0030, 0.0026, 0.0080, 0.0093, 0.0047, 0.0210, 0.0212, 0.0170, 0.0217]
[0.0220, 0.0167, 0.0348, 0.0110, 0.0028, 0.0028, 0.0028, 0.0084, 0.0414, 0.0199, 0.0028, 0.0022, 0.0033, 0.0249, 0.0320, 0.0320, 0.0006, 0.0039, 0.0320, 0.0203, 0.0320, 0.0039, 0.0320, 0.0390, 0.0071, 0.0084, 0.0202, 0.0245, 0.0237, 0.0379, 0.0378, 0.0381, 0.1553, 0.1643]
[0.0313, 0.0231, 0.0548, 0.0160, 0.0039, 0.0040, 0.0040, 0.0125, 0.0523, 0.0261, 0.0039, 0.0031, 0.0047, 0.0331, 0.0390, 0.0390, 0.0008, 0.0054, 0.0390, 0.0260, 0.0390, 0.0054, 0.0390, 0.0795, 0.0315, 0.1171, 0.0356, 0.1372, 0.0321, 0.1506, 0.0466, 0.0602, 0.1845, 0.2059]
[0.0228, 0.0094, 0.0238, 0.0076, 0.0029, 0.0029, 0.0029, 0.0064, 0.0127, 0.0066, 0.0029, 0.0023, 0.0030, 0.0105, 0.0071, 0.0071, 0.0006, 0.0032, 0.0071, 0.0074, 0.0071, 0.0032, 0.0071, 0.0315, 0.0360, 0.1194, 0.0053, 0.1133, 0.0192, 0.0108, 0.0093, 0.1268, 0.0292, 0.0418]
[0.0216, 0.0083, 0.0158, 0.0063, 0.0027, 0.0028, 0.0028, 0.0052, 0.0132, 0.0061, 0.0027, 0.0022, 0.0028, 0.0097, 0.0084, 0.0084, 0.0006, 0.0030, 0.0084, 0.0075, 0.0084, 0.0030, 0.0084, 0.1171, 0.1194, 0.0365, 0.0066, 0.0297, 0.0189, 0.0208, 0.0106, 0.1281, 0.0393, 0.0450]
[0.0149, 0.0114, 0.0194, 0.0074, 0.0019, 0.0019, 0.0019, 0.0053, 0.0260, 0.0171, 0.0019, 0.0015, 0.0022, 0.0204, 0.0202, 0.0202, 0.0004, 0.0026, 0.0202, 0.0178, 0.0202, 0.0026, 0.0202, 0.0356, 0.0053, 0.0066, 0.0278, 0.0212, 0.0196, 0.1266, 0.0240, 0.0248, 0.0509, 0.1513]
[0.0444, 0.0358, 0.1422, 0.0297, 0.0056, 0.0057, 0.0057, 0.0252, 0.0465, 0.0313, 0.0056, 0.0044, 0.0074, 0.0423, 0.0245, 0.0245, 0.0011, 0.0080, 0.0245, 0.0251, 0.0245, 0.0080, 0.0245, 0.1372, 0.1133, 0.0297, 0.0212, 0.0564, 0.0360, 0.0404, 0.0327, 0.0469, 0.0740, 0.1713]
[0.0552, 0.0375, 0.1423, 0.0314, 0.0069, 0.0071, 0.0071, 0.0266, 0.0467, 0.0309, 0.0069, 0.0055, 0.0087, 0.0433, 0.0237, 0.0237, 0.0014, 0.0093, 0.0237, 0.0259, 0.0237, 0.0093, 0.0237, 0.0321, 0.0192, 0.0189, 0.0196, 0.0360, 0.0446, 0.0289, 0.0321, 0.1375, 0.0705, 0.1667]
[0.0266, 0.0201, 0.0422, 0.0133, 0.0033, 0.0034, 0.0034, 0.0102, 0.0493, 0.0242, 0.0033, 0.0027, 0.0040, 0.0302, 0.0379, 0.0379, 0.0007, 0.0047, 0.0379, 0.0247, 0.0379, 0.0047, 0.0379, 0.1506, 0.0108, 0.0208, 0.1266, 0.0404, 0.0289, 0.0656, 0.0448, 0.0466, 0.1788, 0.2000]
[0.0685, 0.1418, 0.0767, 0.0382, 0.0086, 0.0088, 0.0088, 0.0325, 0.1591, 0.0272, 0.0086, 0.0069, 0.0107, 0.0520, 0.0378, 0.0378, 0.0018, 0.0210, 0.0378, 0.0405, 0.0378, 0.0210, 0.0378, 0.0466, 0.0093, 0.0106, 0.0240, 0.0327, 0.0321, 0.0448, 0.0679, 0.0498, 0.1829, 0.1948]
[0.1619, 0.0502, 0.0797, 0.0398, 0.0203, 0.0207, 0.0207, 0.0332, 0.0672, 0.0282, 0.0203, 0.0162, 0.0202, 0.0534, 0.0381, 0.0381, 0.0041, 0.0212, 0.0381, 0.0414, 0.0381, 0.0212, 0.0381, 0.0602, 0.1268, 0.1281, 0.0248, 0.0469, 0.1375, 0.0466, 0.0498, 0.0935, 0.1789, 0.2019]
[0.0974, 0.0726, 0.1959, 0.0497, 0.0122, 0.0125, 0.0125, 0.0416, 0.2029, 0.0526, 0.0122, 0.0097, 0.0147, 0.0746, 0.1553, 0.1553, 0.0025, 0.0170, 0.1553, 0.0500, 0.1553, 0.0170, 0.1553, 0.1845, 0.0292, 0.0393, 0.0509, 0.0740, 0.0705, 0.1788, 0.1829, 0.1789, 0.2230, 0.3300]
[0.1226, 0.0943, 0.1520, 0.0604, 0.0154, 0.0157, 0.0157, 0.0429, 0.2112, 0.1465, 0.0154, 0.0123, 0.0183, 0.1742, 0.1643, 0.1643, 0.0031, 0.0217, 0.1643, 0.1530, 0.1643, 0.0217, 0.1643, 0.2059, 0.0418, 0.0450, 0.1513, 0.1713, 0.1667, 0.2000, 0.1948, 0.2019, 0.3300, 0.3128]

Graphlets count
G1: 393
G2: 45
G3: 681
G4: 1098
G5: 36
G6: 452
G7: 85
G8: 11

Graphlets count (fast)
G1: 393
G2: 45
G3: 681
G4: 1098
G5: 36
G6: 452
G7: 85
G8: 11
